-------------- Level 1 --------------

-------------- Sequence 0 --------------

[2] 
[2] [1] 
[2] [1] [2] 
[2] [1] [2] [1] 
[2] [1] [2] [1] [1] 
[2] [1] [2] [1] [1] [0] 
[2] [1] [2] [1] [1] [0] [2] 
[2] [1] [2] [1] [1] [0] [2] [2] 
[2] [1] [2] [1] [1] [0] [2] [2] [1] 
[2] [1] [2] [1] [1] [0] [2] [2] [1] [1] 
[2] [1] [2] [1] [1] [0] [2] [2] [1] [1] [2] 
[2] [1] [2] [1] [1] [0] [2] [2] [1] [1] [2] [0] 
[2] [1] [2] [1] [1] [0] [2] [2] [1] [1] [2] [0] [0] 
[2] [1] [2] [1] [1] [0] [2] [2] [1] [1] [2] [0] [0] [0] 
[2] [1] [2] [1] [1] [0] [2] [2] [1] [1] [2] [0] [0] [0] [1] 
[2] [1] [2] [1] [1] [0] [2] [2] [1] [1] [2] [0] [0] [0] [1] [0] 
[2] [1] [2] [1] [1] [0] [2] [2] [1] [1] [2] [0] [0] [0] [1] [0] [2] 
[2] [1] [2] [1] [1] [0] [2] [2] [1] [1] [2] [0] [0] [0] [1] [0] [2] [0] 
[2] [1] [2] [1] [1] [0] [2] [2] [1] [1] [2] [0] [0] [0] [1] [0] [2] [0] [1] 
[2] [1] [2] [1] [1] [0] [2] [2] [1] [1] [2] [0] [0] [0] [1] [0] [2] [0] [1] [2] 


-------------- Sequence 1 --------------

[1] 
[1] [0] 
[1] [0] [0] 
[1] [0] [0] [1] 
[1] [0] [0] [1] [0] 
[1] [0] [0] [1] [0] [1] 
[1] [0] [0] [1] [0] [1] [1] 
[1] [0] [0] [1] [0] [1] [1] [0] 
[1] [0] [0] [1] [0] [1] [1] [0] [2] 
[1] [0] [0] [1] [0] [1] [1] [0] [2] [0] 
[1] [0] [0] [1] [0] [1] [1] [0] [2] [0] [2] 
[1] [0] [0] [1] [0] [1] [1] [0] [2] [0] [2] [0] 
[1] [0] [0] [1] [0] [1] [1] [0] [2] [0] [2] [0] [0] 
[1] [0] [0] [1] [0] [1] [1] [0] [2] [0] [2] [0] [0] [1] 
[1] [0] [0] [1] [0] [1] [1] [0] [2] [0] [2] [0] [0] [1] [0] 
[1] [0] [0] [1] [0] [1] [1] [0] [2] [0] [2] [0] [0] [1] [0] [2] 
[1] [0] [0] [1] [0] [1] [1] [0] [2] [0] [2] [0] [0] [1] [0] [2] [0] 
[1] [0] [0] [1] [0] [1] [1] [0] [2] [0] [2] [0] [0] [1] [0] [2] [0] [0] 
[1] [0] [0] [1] [0] [1] [1] [0] [2] [0] [2] [0] [0] [1] [0] [2] [0] [0] [2] 
[1] [0] [0] [1] [0] [1] [1] [0] [2] [0] [2] [0] [0] [1] [0] [2] [0] [0] [2] [0] 


-------------- Sequence 2 --------------

[2] 
[2] [2] 
[2] [2] [0] 
[2] [2] [0] [2] 
[2] [2] [0] [2] [2] 
[2] [2] [0] [2] [2] [2] 
[2] [2] [0] [2] [2] [2] [1] 
[2] [2] [0] [2] [2] [2] [1] [1] 
[2] [2] [0] [2] [2] [2] [1] [1] [2] 
[2] [2] [0] [2] [2] [2] [1] [1] [2] [1] 
[2] [2] [0] [2] [2] [2] [1] [1] [2] [1] [2] 
[2] [2] [0] [2] [2] [2] [1] [1] [2] [1] [2] [1] 
[2] [2] [0] [2] [2] [2] [1] [1] [2] [1] [2] [1] [0] 
[2] [2] [0] [2] [2] [2] [1] [1] [2] [1] [2] [1] [0] [0] 
[2] [2] [0] [2] [2] [2] [1] [1] [2] [1] [2] [1] [0] [0] [2] 
[2] [2] [0] [2] [2] [2] [1] [1] [2] [1] [2] [1] [0] [0] [2] [0] 
[2] [2] [0] [2] [2] [2] [1] [1] [2] [1] [2] [1] [0] [0] [2] [0] [0] 
[2] [2] [0] [2] [2] [2] [1] [1] [2] [1] [2] [1] [0] [0] [2] [0] [0] [2] 
[2] [2] [0] [2] [2] [2] [1] [1] [2] [1] [2] [1] [0] [0] [2] [0] [0] [2] [1] 
[2] [2] [0] [2] [2] [2] [1] [1] [2] [1] [2] [1] [0] [0] [2] [0] [0] [2] [1] [1] 


-------------- Sequence 3 --------------

[2] 
[2] [0] 
[2] [0] [1] 
[2] [0] [1] [0] 
[2] [0] [1] [0] [0] 
[2] [0] [1] [0] [0] [1] 
[2] [0] [1] [0] [0] [1] [2] 
[2] [0] [1] [0] [0] [1] [2] [0] 
[2] [0] [1] [0] [0] [1] [2] [0] [2] 
[2] [0] [1] [0] [0] [1] [2] [0] [2] [1] 
[2] [0] [1] [0] [0] [1] [2] [0] [2] [1] [1] 
[2] [0] [1] [0] [0] [1] [2] [0] [2] [1] [1] [2] 
[2] [0] [1] [0] [0] [1] [2] [0] [2] [1] [1] [2] [2] 
[2] [0] [1] [0] [0] [1] [2] [0] [2] [1] [1] [2] [2] [1] 
[2] [0] [1] [0] [0] [1] [2] [0] [2] [1] [1] [2] [2] [1] [1] 
[2] [0] [1] [0] [0] [1] [2] [0] [2] [1] [1] [2] [2] [1] [1] [0] 
[2] [0] [1] [0] [0] [1] [2] [0] [2] [1] [1] [2] [2] [1] [1] [0] [2] 
[2] [0] [1] [0] [0] [1] [2] [0] [2] [1] [1] [2] [2] [1] [1] [0] [2] [2] 
[2] [0] [1] [0] [0] [1] [2] [0] [2] [1] [1] [2] [2] [1] [1] [0] [2] [2] [2] 
[2] [0] [1] [0] [0] [1] [2] [0] [2] [1] [1] [2] [2] [1] [1] [0] [2] [2] [2] [2] 


-------------- Sequence 4 --------------

[2] 
[2] [0] 
[2] [0] [2] 
[2] [0] [2] [1] 
[2] [0] [2] [1] [1] 
[2] [0] [2] [1] [1] [1] 
[2] [0] [2] [1] [1] [1] [0] 
[2] [0] [2] [1] [1] [1] [0] [0] 
[2] [0] [2] [1] [1] [1] [0] [0] [2] 
[2] [0] [2] [1] [1] [1] [0] [0] [2] [1] 
[2] [0] [2] [1] [1] [1] [0] [0] [2] [1] [1] 
[2] [0] [2] [1] [1] [1] [0] [0] [2] [1] [1] [0] 
[2] [0] [2] [1] [1] [1] [0] [0] [2] [1] [1] [0] [0] 
[2] [0] [2] [1] [1] [1] [0] [0] [2] [1] [1] [0] [0] [2] 
[2] [0] [2] [1] [1] [1] [0] [0] [2] [1] [1] [0] [0] [2] [1] 
[2] [0] [2] [1] [1] [1] [0] [0] [2] [1] [1] [0] [0] [2] [1] [0] 
[2] [0] [2] [1] [1] [1] [0] [0] [2] [1] [1] [0] [0] [2] [1] [0] [1] 
[2] [0] [2] [1] [1] [1] [0] [0] [2] [1] [1] [0] [0] [2] [1] [0] [1] [2] 
[2] [0] [2] [1] [1] [1] [0] [0] [2] [1] [1] [0] [0] [2] [1] [0] [1] [2] [2] 
[2] [0] [2] [1] [1] [1] [0] [0] [2] [1] [1] [0] [0] [2] [1] [0] [1] [2] [2] [2] 


