-------------- Level 5 --------------

-------------- Sequence 0 --------------

[8] [4] [8] 
[8] [4] [8] [4] 
[8] [4] [8] [4] [1] 
[8] [4] [8] [4] [1] [0] 
[8] [4] [8] [4] [1] [0] [0] 
[8] [4] [8] [4] [1] [0] [0] [0] 
[8] [4] [8] [4] [1] [0] [0] [0] [3] 
[8] [4] [8] [4] [1] [0] [0] [0] [3] [3] 
[8] [4] [8] [4] [1] [0] [0] [0] [3] [3] [8] 
[8] [4] [8] [4] [1] [0] [0] [0] [3] [3] [8] [2] 
[8] [4] [8] [4] [1] [0] [0] [0] [3] [3] [8] [2] [4] 
[8] [4] [8] [4] [1] [0] [0] [0] [3] [3] [8] [2] [4] [0] 
[8] [4] [8] [4] [1] [0] [0] [0] [3] [3] [8] [2] [4] [0] [0] 
[8] [4] [8] [4] [1] [0] [0] [0] [3] [3] [8] [2] [4] [0] [0] [7] 
[8] [4] [8] [4] [1] [0] [0] [0] [3] [3] [8] [2] [4] [0] [0] [7] [5] 
[8] [4] [8] [4] [1] [0] [0] [0] [3] [3] [8] [2] [4] [0] [0] [7] [5] [6] 
[8] [4] [8] [4] [1] [0] [0] [0] [3] [3] [8] [2] [4] [0] [0] [7] [5] [6] [2] 
[8] [4] [8] [4] [1] [0] [0] [0] [3] [3] [8] [2] [4] [0] [0] [7] [5] [6] [2] [2] 
[8] [4] [8] [4] [1] [0] [0] [0] [3] [3] [8] [2] [4] [0] [0] [7] [5] [6] [2] [2] [0] 
[8] [4] [8] [4] [1] [0] [0] [0] [3] [3] [8] [2] [4] [0] [0] [7] [5] [6] [2] [2] [0] [2] 


-------------- Sequence 1 --------------

[0] [1] [0] 
[0] [1] [0] [1] 
[0] [1] [0] [1] [5] 
[0] [1] [0] [1] [5] [3] 
[0] [1] [0] [1] [5] [3] [3] 
[0] [1] [0] [1] [5] [3] [3] [4] 
[0] [1] [0] [1] [5] [3] [3] [4] [4] 
[0] [1] [0] [1] [5] [3] [3] [4] [4] [4] 
[0] [1] [0] [1] [5] [3] [3] [4] [4] [4] [8] 
[0] [1] [0] [1] [5] [3] [3] [4] [4] [4] [8] [3] 
[0] [1] [0] [1] [5] [3] [3] [4] [4] [4] [8] [3] [7] 
[0] [1] [0] [1] [5] [3] [3] [4] [4] [4] [8] [3] [7] [5] 
[0] [1] [0] [1] [5] [3] [3] [4] [4] [4] [8] [3] [7] [5] [7] 
[0] [1] [0] [1] [5] [3] [3] [4] [4] [4] [8] [3] [7] [5] [7] [3] 
[0] [1] [0] [1] [5] [3] [3] [4] [4] [4] [8] [3] [7] [5] [7] [3] [2] 
[0] [1] [0] [1] [5] [3] [3] [4] [4] [4] [8] [3] [7] [5] [7] [3] [2] [5] 
[0] [1] [0] [1] [5] [3] [3] [4] [4] [4] [8] [3] [7] [5] [7] [3] [2] [5] [8] 
[0] [1] [0] [1] [5] [3] [3] [4] [4] [4] [8] [3] [7] [5] [7] [3] [2] [5] [8] [3] 
[0] [1] [0] [1] [5] [3] [3] [4] [4] [4] [8] [3] [7] [5] [7] [3] [2] [5] [8] [3] [4] 
[0] [1] [0] [1] [5] [3] [3] [4] [4] [4] [8] [3] [7] [5] [7] [3] [2] [5] [8] [3] [4] [3] 


-------------- Sequence 2 --------------

[0] [4] [0] 
[0] [4] [0] [4] 
[0] [4] [0] [4] [7] 
[0] [4] [0] [4] [7] [0] 
[0] [4] [0] [4] [7] [0] [7] 
[0] [4] [0] [4] [7] [0] [7] [1] 
[0] [4] [0] [4] [7] [0] [7] [1] [8] 
[0] [4] [0] [4] [7] [0] [7] [1] [8] [2] 
[0] [4] [0] [4] [7] [0] [7] [1] [8] [2] [4] 
[0] [4] [0] [4] [7] [0] [7] [1] [8] [2] [4] [7] 
[0] [4] [0] [4] [7] [0] [7] [1] [8] [2] [4] [7] [3] 
[0] [4] [0] [4] [7] [0] [7] [1] [8] [2] [4] [7] [3] [4] 
[0] [4] [0] [4] [7] [0] [7] [1] [8] [2] [4] [7] [3] [4] [7] 
[0] [4] [0] [4] [7] [0] [7] [1] [8] [2] [4] [7] [3] [4] [7] [2] 
[0] [4] [0] [4] [7] [0] [7] [1] [8] [2] [4] [7] [3] [4] [7] [2] [4] 
[0] [4] [0] [4] [7] [0] [7] [1] [8] [2] [4] [7] [3] [4] [7] [2] [4] [5] 
[0] [4] [0] [4] [7] [0] [7] [1] [8] [2] [4] [7] [3] [4] [7] [2] [4] [5] [1] 
[0] [4] [0] [4] [7] [0] [7] [1] [8] [2] [4] [7] [3] [4] [7] [2] [4] [5] [1] [7] 
[0] [4] [0] [4] [7] [0] [7] [1] [8] [2] [4] [7] [3] [4] [7] [2] [4] [5] [1] [7] [1] 
[0] [4] [0] [4] [7] [0] [7] [1] [8] [2] [4] [7] [3] [4] [7] [2] [4] [5] [1] [7] [1] [2] 


-------------- Sequence 3 --------------

[2] [7] [2] 
[2] [7] [2] [7] 
[2] [7] [2] [7] [4] 
[2] [7] [2] [7] [4] [1] 
[2] [7] [2] [7] [4] [1] [6] 
[2] [7] [2] [7] [4] [1] [6] [1] 
[2] [7] [2] [7] [4] [1] [6] [1] [3] 
[2] [7] [2] [7] [4] [1] [6] [1] [3] [3] 
[2] [7] [2] [7] [4] [1] [6] [1] [3] [3] [1] 
[2] [7] [2] [7] [4] [1] [6] [1] [3] [3] [1] [4] 
[2] [7] [2] [7] [4] [1] [6] [1] [3] [3] [1] [4] [0] 
[2] [7] [2] [7] [4] [1] [6] [1] [3] [3] [1] [4] [0] [3] 
[2] [7] [2] [7] [4] [1] [6] [1] [3] [3] [1] [4] [0] [3] [4] 
[2] [7] [2] [7] [4] [1] [6] [1] [3] [3] [1] [4] [0] [3] [4] [7] 
[2] [7] [2] [7] [4] [1] [6] [1] [3] [3] [1] [4] [0] [3] [4] [7] [4] 
[2] [7] [2] [7] [4] [1] [6] [1] [3] [3] [1] [4] [0] [3] [4] [7] [4] [4] 
[2] [7] [2] [7] [4] [1] [6] [1] [3] [3] [1] [4] [0] [3] [4] [7] [4] [4] [3] 
[2] [7] [2] [7] [4] [1] [6] [1] [3] [3] [1] [4] [0] [3] [4] [7] [4] [4] [3] [6] 
[2] [7] [2] [7] [4] [1] [6] [1] [3] [3] [1] [4] [0] [3] [4] [7] [4] [4] [3] [6] [2] 
[2] [7] [2] [7] [4] [1] [6] [1] [3] [3] [1] [4] [0] [3] [4] [7] [4] [4] [3] [6] [2] [6] 


-------------- Sequence 4 --------------

[7] [8] [7] 
[7] [8] [7] [8] 
[7] [8] [7] [8] [8] 
[7] [8] [7] [8] [8] [8] 
[7] [8] [7] [8] [8] [8] [3] 
[7] [8] [7] [8] [8] [8] [3] [2] 
[7] [8] [7] [8] [8] [8] [3] [2] [4] 
[7] [8] [7] [8] [8] [8] [3] [2] [4] [5] 
[7] [8] [7] [8] [8] [8] [3] [2] [4] [5] [1] 
[7] [8] [7] [8] [8] [8] [3] [2] [4] [5] [1] [3] 
[7] [8] [7] [8] [8] [8] [3] [2] [4] [5] [1] [3] [7] 
[7] [8] [7] [8] [8] [8] [3] [2] [4] [5] [1] [3] [7] [4] 
[7] [8] [7] [8] [8] [8] [3] [2] [4] [5] [1] [3] [7] [4] [2] 
[7] [8] [7] [8] [8] [8] [3] [2] [4] [5] [1] [3] [7] [4] [2] [8] 
[7] [8] [7] [8] [8] [8] [3] [2] [4] [5] [1] [3] [7] [4] [2] [8] [5] 
[7] [8] [7] [8] [8] [8] [3] [2] [4] [5] [1] [3] [7] [4] [2] [8] [5] [6] 
[7] [8] [7] [8] [8] [8] [3] [2] [4] [5] [1] [3] [7] [4] [2] [8] [5] [6] [2] 
[7] [8] [7] [8] [8] [8] [3] [2] [4] [5] [1] [3] [7] [4] [2] [8] [5] [6] [2] [4] 
[7] [8] [7] [8] [8] [8] [3] [2] [4] [5] [1] [3] [7] [4] [2] [8] [5] [6] [2] [4] [8] 
[7] [8] [7] [8] [8] [8] [3] [2] [4] [5] [1] [3] [7] [4] [2] [8] [5] [6] [2] [4] [8] [7] 


