-------------- Level 4 --------------

-------------- Sequence 0 --------------

[4] 
[4] [5] 
[4] [5] [0] 
[4] [5] [0] [4] 
[4] [5] [0] [4] [0] 
[4] [5] [0] [4] [0] [5] 
[4] [5] [0] [4] [0] [5] [2] 
[4] [5] [0] [4] [0] [5] [2] [5] 
[4] [5] [0] [4] [0] [5] [2] [5] [2] 
[4] [5] [0] [4] [0] [5] [2] [5] [2] [8] 
[4] [5] [0] [4] [0] [5] [2] [5] [2] [8] [2] 
[4] [5] [0] [4] [0] [5] [2] [5] [2] [8] [2] [4] 
[4] [5] [0] [4] [0] [5] [2] [5] [2] [8] [2] [4] [1] 
[4] [5] [0] [4] [0] [5] [2] [5] [2] [8] [2] [4] [1] [8] 
[4] [5] [0] [4] [0] [5] [2] [5] [2] [8] [2] [4] [1] [8] [0] 
[4] [5] [0] [4] [0] [5] [2] [5] [2] [8] [2] [4] [1] [8] [0] [7] 
[4] [5] [0] [4] [0] [5] [2] [5] [2] [8] [2] [4] [1] [8] [0] [7] [7] 
[4] [5] [0] [4] [0] [5] [2] [5] [2] [8] [2] [4] [1] [8] [0] [7] [7] [2] 
[4] [5] [0] [4] [0] [5] [2] [5] [2] [8] [2] [4] [1] [8] [0] [7] [7] [2] [1] 
[4] [5] [0] [4] [0] [5] [2] [5] [2] [8] [2] [4] [1] [8] [0] [7] [7] [2] [1] [7] 


-------------- Sequence 1 --------------

[5] 
[5] [7] 
[5] [7] [5] 
[5] [7] [5] [7] 
[5] [7] [5] [7] [7] 
[5] [7] [5] [7] [7] [3] 
[5] [7] [5] [7] [7] [3] [7] 
[5] [7] [5] [7] [7] [3] [7] [1] 
[5] [7] [5] [7] [7] [3] [7] [1] [1] 
[5] [7] [5] [7] [7] [3] [7] [1] [1] [4] 
[5] [7] [5] [7] [7] [3] [7] [1] [1] [4] [6] 
[5] [7] [5] [7] [7] [3] [7] [1] [1] [4] [6] [4] 
[5] [7] [5] [7] [7] [3] [7] [1] [1] [4] [6] [4] [5] 
[5] [7] [5] [7] [7] [3] [7] [1] [1] [4] [6] [4] [5] [5] 
[5] [7] [5] [7] [7] [3] [7] [1] [1] [4] [6] [4] [5] [5] [5] 
[5] [7] [5] [7] [7] [3] [7] [1] [1] [4] [6] [4] [5] [5] [5] [4] 
[5] [7] [5] [7] [7] [3] [7] [1] [1] [4] [6] [4] [5] [5] [5] [4] [0] 
[5] [7] [5] [7] [7] [3] [7] [1] [1] [4] [6] [4] [5] [5] [5] [4] [0] [4] 
[5] [7] [5] [7] [7] [3] [7] [1] [1] [4] [6] [4] [5] [5] [5] [4] [0] [4] [4] 
[5] [7] [5] [7] [7] [3] [7] [1] [1] [4] [6] [4] [5] [5] [5] [4] [0] [4] [4] [3] 


-------------- Sequence 2 --------------

[6] 
[6] [2] 
[6] [2] [5] 
[6] [2] [5] [4] 
[6] [2] [5] [4] [8] 
[6] [2] [5] [4] [8] [2] 
[6] [2] [5] [4] [8] [2] [0] 
[6] [2] [5] [4] [8] [2] [0] [5] 
[6] [2] [5] [4] [8] [2] [0] [5] [6] 
[6] [2] [5] [4] [8] [2] [0] [5] [6] [4] 
[6] [2] [5] [4] [8] [2] [0] [5] [6] [4] [6] 
[6] [2] [5] [4] [8] [2] [0] [5] [6] [4] [6] [3] 
[6] [2] [5] [4] [8] [2] [0] [5] [6] [4] [6] [3] [0] 
[6] [2] [5] [4] [8] [2] [0] [5] [6] [4] [6] [3] [0] [3] 
[6] [2] [5] [4] [8] [2] [0] [5] [6] [4] [6] [3] [0] [3] [0] 
[6] [2] [5] [4] [8] [2] [0] [5] [6] [4] [6] [3] [0] [3] [0] [6] 
[6] [2] [5] [4] [8] [2] [0] [5] [6] [4] [6] [3] [0] [3] [0] [6] [5] 
[6] [2] [5] [4] [8] [2] [0] [5] [6] [4] [6] [3] [0] [3] [0] [6] [5] [6] 
[6] [2] [5] [4] [8] [2] [0] [5] [6] [4] [6] [3] [0] [3] [0] [6] [5] [6] [0] 
[6] [2] [5] [4] [8] [2] [0] [5] [6] [4] [6] [3] [0] [3] [0] [6] [5] [6] [0] [4] 


-------------- Sequence 3 --------------

[0] 
[0] [6] 
[0] [6] [3] 
[0] [6] [3] [5] 
[0] [6] [3] [5] [0] 
[0] [6] [3] [5] [0] [4] 
[0] [6] [3] [5] [0] [4] [8] 
[0] [6] [3] [5] [0] [4] [8] [3] 
[0] [6] [3] [5] [0] [4] [8] [3] [3] 
[0] [6] [3] [5] [0] [4] [8] [3] [3] [4] 
[0] [6] [3] [5] [0] [4] [8] [3] [3] [4] [1] 
[0] [6] [3] [5] [0] [4] [8] [3] [3] [4] [1] [2] 
[0] [6] [3] [5] [0] [4] [8] [3] [3] [4] [1] [2] [4] 
[0] [6] [3] [5] [0] [4] [8] [3] [3] [4] [1] [2] [4] [8] 
[0] [6] [3] [5] [0] [4] [8] [3] [3] [4] [1] [2] [4] [8] [6] 
[0] [6] [3] [5] [0] [4] [8] [3] [3] [4] [1] [2] [4] [8] [6] [0] 
[0] [6] [3] [5] [0] [4] [8] [3] [3] [4] [1] [2] [4] [8] [6] [0] [8] 
[0] [6] [3] [5] [0] [4] [8] [3] [3] [4] [1] [2] [4] [8] [6] [0] [8] [8] 
[0] [6] [3] [5] [0] [4] [8] [3] [3] [4] [1] [2] [4] [8] [6] [0] [8] [8] [5] 
[0] [6] [3] [5] [0] [4] [8] [3] [3] [4] [1] [2] [4] [8] [6] [0] [8] [8] [5] [8] 


-------------- Sequence 4 --------------

[4] 
[4] [5] 
[4] [5] [8] 
[4] [5] [8] [7] 
[4] [5] [8] [7] [4] 
[4] [5] [8] [7] [4] [3] 
[4] [5] [8] [7] [4] [3] [7] 
[4] [5] [8] [7] [4] [3] [7] [3] 
[4] [5] [8] [7] [4] [3] [7] [3] [0] 
[4] [5] [8] [7] [4] [3] [7] [3] [0] [3] 
[4] [5] [8] [7] [4] [3] [7] [3] [0] [3] [4] 
[4] [5] [8] [7] [4] [3] [7] [3] [0] [3] [4] [2] 
[4] [5] [8] [7] [4] [3] [7] [3] [0] [3] [4] [2] [0] 
[4] [5] [8] [7] [4] [3] [7] [3] [0] [3] [4] [2] [0] [0] 
[4] [5] [8] [7] [4] [3] [7] [3] [0] [3] [4] [2] [0] [0] [6] 
[4] [5] [8] [7] [4] [3] [7] [3] [0] [3] [4] [2] [0] [0] [6] [3] 
[4] [5] [8] [7] [4] [3] [7] [3] [0] [3] [4] [2] [0] [0] [6] [3] [2] 
[4] [5] [8] [7] [4] [3] [7] [3] [0] [3] [4] [2] [0] [0] [6] [3] [2] [1] 
[4] [5] [8] [7] [4] [3] [7] [3] [0] [3] [4] [2] [0] [0] [6] [3] [2] [1] [1] 
[4] [5] [8] [7] [4] [3] [7] [3] [0] [3] [4] [2] [0] [0] [6] [3] [2] [1] [1] [0] 


